<!--
        <svg xmlns="http://www.w3.org/2000/svg" viewBox="0 0 790 768">
            <title>SimonSays</title>
            <g id="simonGame">
                <path class="cls-1" d="M393 723.5a339.5 339.5 0 0 1-240.06-579.56 339.5 339.5 0 1 1 480.12 480.12A337.28 337.28 0 0 1 393 723.5z"/>
                <path class="cls-2" d="M393 45a339.09 339.09 0 0 1 132 651.36A339.09 339.09 0 0 1 261 71.64 336.88 336.88 0 0 1 393 45m0-1C205.22 44 53 196.22 53 384s152.22 340 340 340 340-152.22 340-340S580.78 44 393 44z"/>
                <path class="cls-3" d="M394 706.5A322.5 322.5 0 0 1 166 156a322.5 322.5 0 0 1 456 456 320.39 320.39 0 0 1-228 94.5z"/>
                <path class="cls-3" d="M394 62a322.09 322.09 0 0 1 125.34 618.7A322.08 322.08 0 0 1 268.66 87.3 320 320 0 0 1 394 62m0-1C215.61 61 71 205.61 71 384s144.61 323 323 323 323-144.61 323-323S572.39 61 394 61z"/>
                <path class="cls-4" d="M393.5 689.5a306 306 0 0 1-216.37-522.37 306 306 0 0 1 432.75 432.75A304 304 0 0 1 393.5 689.5z"/>
                <path class="cls-4" d="M393.5 78a304.54 304.54 0 1 1-118.91 24A303.59 303.59 0 0 1 393.5 78m0-1C224.22 77 87 214.22 87 383.5S224.22 690 393.5 690 700 552.78 700 383.5 562.78 77 393.5 77z"/>
                <path class="cls-2" d="M394 681.5a298.5 298.5 0 0 1-211.07-509.57 298.5 298.5 0 1 1 422.14 422.14A296.55 296.55 0 0 1 394 681.5z"/>
                <path class="cls-4" d="M394 85a297.06 297.06 0 1 1-116 23.42A296.13 296.13 0 0 1 394 85m0-1C228.87 84 95 217.87 95 383s133.87 299 299 299 299-133.87 299-299S559.13 84 394 84z"/>
            </g>
            <g id="start">
                <path class="cls-5" d="M285.64 443a13.78 13.78 0 0 1-12.64-8.35 144.05 144.05 0 0 1-7-20 13.48 13.48 0 0 1 2.36-11.77 13.66 13.66 0 0 1 10.91-5.38h233.39a13.67 13.67 0 0 1 10.92 5.38 13.47 13.47 0 0 1 2.36 11.77 144 144 0 0 1-7 20 13.78 13.78 0 0 1-12.58 8.35z"/>
                <path class="cls-1" d="M512.66 398a13.17 13.17 0 0 1 10.52 5.19 13 13 0 0 1 2.28 11.34 143.52 143.52 0 0 1-6.93 19.93 13.28 13.28 0 0 1-12.17 8H285.64a13.28 13.28 0 0 1-12.17-8 143.52 143.52 0 0 1-6.93-19.93 13 13 0 0 1 2.28-11.34 13.17 13.17 0 0 1 10.52-5.19h233.32m0-1H279.34a14.19 14.19 0 0 0-13.76 17.78 144 144 0 0 0 7 20.07 14.28 14.28 0 0 0 13.08 8.65h220.7a14.28 14.28 0 0 0 13.08-8.65 144 144 0 0 0 7-20.07A14.19 14.19 0 0 0 512.66 397z"/>
                <text class="cls-6" transform="translate(339.49 433.91)">S<tspan class="cls-7" x="24.01" y="0">T</tspan><tspan x="43.33" y="0">A</tspan><tspan class="cls-8" x="67.34" y="0">RT</tspan></text>
            </g>
            <g id="hard">
                <path class="cls-5" d="M415.16 516a6.19 6.19 0 0 1-6.16-6.2v-31.61a6.19 6.19 0 0 1 6.19-6.19h47.16a12.53 12.53 0 0 1 7 22.91A130 130 0 0 1 416.11 516a6.18 6.18 0 0 1-1 .08z"/>
                <path class="cls-1" d="M462.34 472.5a12 12 0 0 1 6.72 22 129.51 129.51 0 0 1-53 21 5.66 5.66 0 0 1-6.54-5.63v-31.68a5.69 5.69 0 0 1 5.69-5.69h47.16m0-1h-47.18a6.69 6.69 0 0 0-6.69 6.69v31.66a6.66 6.66 0 0 0 7.69 6.62 131.24 131.24 0 0 0 53.43-21.13c10.64-7.21 5.57-23.83-7.28-23.83z"/>
                <text class="cls-9" transform="translate(426.67 499.62)">H</text>
            </g>
            <g id="easy">
                <path class="cls-5" d="M373.86 515.53a6.13 6.13 0 0 1-1.1-.1 130.28 130.28 0 0 1-50.18-20.57 12.53 12.53 0 0 1 7.08-22.86h44.15a6.19 6.19 0 0 1 6.19 6.19v31.15a6.17 6.17 0 0 1-1.83 4.4 6.09 6.09 0 0 1-4.32 1.8z"/>
                <path class="cls-1" d="M373.81 472.5a5.69 5.69 0 0 1 5.69 5.69v31.15a5.64 5.64 0 0 1-6.65 5.61 129.78 129.78 0 0 1-50-20.5 12 12 0 0 1 6.8-21.95h44.15m0-1h-44.14c-12.8 0-18 16.59-7.36 23.77a131.38 131.38 0 0 0 50.37 20.65 6.64 6.64 0 0 0 7.83-6.59v-31.14a6.69 6.69 0 0 0-6.69-6.69z"/>
                <text class="cls-9" transform="translate(342.5 499.62)">E</text>
            </g>
            <g id="screenDiv">
                <path class="cls-10" d="M273.71 368.5a9.28 9.28 0 0 1-7.27-3.49 9.17 9.17 0 0 1-1.82-7.77 142.18 142.18 0 0 1 46.91-77.76 130.57 130.57 0 0 1 168.94 0 142.18 142.18 0 0 1 46.91 77.76 9.17 9.17 0 0 1-1.82 7.77 9.28 9.28 0 0 1-7.27 3.49z"/>
                <path class="cls-11" d="M396 249a129 129 0 0 1 45.38 8.2 132.43 132.43 0 0 1 38.77 22.69 141.68 141.68 0 0 1 46.74 77.48 8.68 8.68 0 0 1-1.72 7.34 8.78 8.78 0 0 1-6.88 3.3H273.7a8.78 8.78 0 0 1-6.88-3.3 8.68 8.68 0 0 1-1.72-7.34 141.68 141.68 0 0 1 46.74-77.48 132.43 132.43 0 0 1 38.77-22.69A129 129 0 0 1 396 249m0-1c-64.2 0-118 46.61-131.87 109.15A9.78 9.78 0 0 0 273.7 369h244.6a9.78 9.78 0 0 0 9.58-11.87C514 294.59 460.2 248 396 248z"/>
            </g>    
            <g id="red">
                <path class="cls-12" d="M569.56 368.5a14.56 14.56 0 0 1-14.34-12.24 162.84 162.84 0 0 0-133.48-133.48 14.56 14.56 0 0 1-12.24-14.34V110.6A14.52 14.52 0 0 1 424 96.07a14.79 14.79 0 0 1 1.56.08 289.1 289.1 0 0 1 256.29 256.31 14.52 14.52 0 0 1-14.45 16z"/>
                <path class="cls-13" d="M424 96.57a14.24 14.24 0 0 1 1.51.08 288.32 288.32 0 0 1 255.84 255.86 14 14 0 0 1-14 15.49h-97.79a14.06 14.06 0 0 1-13.85-11.82 163.62 163.62 0 0 0-133.89-133.89A14.06 14.06 0 0 1 410 208.44V110.6a14 14 0 0 1 14-14m0-1a15 15 0 0 0-15 15v97.84a15.08 15.08 0 0 0 12.66 14.83 162.62 162.62 0 0 1 133.07 133.07A15.08 15.08 0 0 0 569.56 369h97.84a15 15 0 0 0 14.95-16.59c-14.42-135-121.7-242.33-256.75-256.75a15.2 15.2 0 0 0-1.61-.09z"/>
            </g>
            <g id="green">
                <path class="cls-14" d="M124.76 368.5a17.36 17.36 0 0 1-17.22-19.43A289.11 289.11 0 0 1 361.13 96.42a17.79 17.79 0 0 1 2-.12 17.37 17.37 0 0 1 17.35 17.34v92.25A17.32 17.32 0 0 1 366.13 223a163.35 163.35 0 0 0-132 131.26 17.34 17.34 0 0 1-17.06 14.27z"/>
                <path class="cls-15" d="M363.15 96.8A16.87 16.87 0 0 1 380 113.65v92.25a16.83 16.83 0 0 1-14 16.58 163.86 163.86 0 0 0-132.4 131.67A16.84 16.84 0 0 1 217.08 368h-92.32A16.86 16.86 0 0 1 108 349.13 288.33 288.33 0 0 1 361.19 96.92a17.26 17.26 0 0 1 2-.11m0-1a18.18 18.18 0 0 0-2.08.12C228.26 111.2 122.79 216.34 107 349a17.86 17.86 0 0 0 17.72 20h92.32a17.84 17.84 0 0 0 17.55-14.68 162.64 162.64 0 0 1 131.63-130.86A17.85 17.85 0 0 0 381 205.89v-92.24a17.86 17.86 0 0 0-17.85-17.85z"/>
            </g>
            <g id="yellow">
                <path class="cls-16" d="M424.86 670.83a15.43 15.43 0 0 1-15.36-15.46v-96a15.32 15.32 0 0 1 12.7-15.2 162.84 162.84 0 0 0 133.1-133.88 15.31 15.31 0 0 1 15.21-12.79h96a15.51 15.51 0 0 1 11.49 5.13 15.35 15.35 0 0 1 3.85 11.87 289.1 289.1 0 0 1-255.29 256.24 15.53 15.53 0 0 1-1.7.09z"/>
                <path class="cls-17" d="M666.47 398a15 15 0 0 1 11.14 5 14.85 14.85 0 0 1 3.73 11.49A288.32 288.32 0 0 1 426.5 670.24a14.86 14.86 0 0 1-16.5-14.87v-96a14.83 14.83 0 0 1 12.28-14.7 163.62 163.62 0 0 0 133.51-134.3A14.81 14.81 0 0 1 570.51 398h96m0-1h-96a15.88 15.88 0 0 0-15.71 13.21 162.62 162.62 0 0 1-132.68 133.44A15.88 15.88 0 0 0 409 559.34v96a15.86 15.86 0 0 0 17.61 15.86c134.58-14.85 241.35-122 255.72-256.67A15.93 15.93 0 0 0 666.47 397z"/>
            </g>
            <g id="blue">
                <path class="cls-18" d="M367.49 671.18q-.64 0-1.29-.06c-136.95-13.31-246-122.37-259.32-259.32a13 13 0 0 1 12.92-14.3h100.79a12.91 12.91 0 0 1 12.82 11 163.1 163.1 0 0 0 136.08 136.08 12.91 12.91 0 0 1 11 12.82v100.8a13 13 0 0 1-13 13z"/>
                <path class="cls-19" d="M220.59 398a12.41 12.41 0 0 1 12.33 10.59 163.61 163.61 0 0 0 136.49 136.49A12.41 12.41 0 0 1 380 557.41V658.2a12.51 12.51 0 0 1-12.51 12.48c-.41 0-.83 0-1.24-.06-136.71-13.29-245.58-122.16-258.87-258.87a12.6 12.6 0 0 1 3.2-9.67 12.32 12.32 0 0 1 9.22-4.08h100.79m0-1H119.8a13.51 13.51 0 0 0-13.42 14.85C119.73 549.1 228.9 658.27 366.15 671.61c.45 0 .9.07 1.34.07A13.5 13.5 0 0 0 381 658.2V557.41a13.48 13.48 0 0 0-11.44-13.32 162.6 162.6 0 0 1-135.65-135.65A13.48 13.48 0 0 0 220.59 397z"/>
            </g>
        </svg>
        -->